{
 "cells": [
  {
   "cell_type": "markdown",
   "id": "3a39ccad-dee0-485a-9217-4904b598f89f",
   "metadata": {},
   "source": [
    "# Mid-Term Group Portfolio \n",
    "\n",
    "## Vechicle Routing Problem Using Quantum-Inspired Evolutionary Algorithms\n",
    "\n",
    "### Small Group Scenario with 1 depot, 2 to 10 vehicles, and 10–20 customer locations\n"
   ]
  },
  {
   "cell_type": "code",
   "execution_count": 9,
   "id": "00e5f3c3-0d4f-4988-9604-5c7c626e4a12",
   "metadata": {},
   "outputs": [
    {
     "data": {
      "text/html": [
       "<div>\n",
       "<style scoped>\n",
       "    .dataframe tbody tr th:only-of-type {\n",
       "        vertical-align: middle;\n",
       "    }\n",
       "\n",
       "    .dataframe tbody tr th {\n",
       "        vertical-align: top;\n",
       "    }\n",
       "\n",
       "    .dataframe thead th {\n",
       "        text-align: right;\n",
       "    }\n",
       "</style>\n",
       "<table border=\"1\" class=\"dataframe\">\n",
       "  <thead>\n",
       "    <tr style=\"text-align: right;\">\n",
       "      <th></th>\n",
       "      <th>id</th>\n",
       "      <th>x</th>\n",
       "      <th>y</th>\n",
       "    </tr>\n",
       "  </thead>\n",
       "  <tbody>\n",
       "    <tr>\n",
       "      <th>0</th>\n",
       "      <td>1</td>\n",
       "      <td>63.942680</td>\n",
       "      <td>2.501076</td>\n",
       "    </tr>\n",
       "    <tr>\n",
       "      <th>1</th>\n",
       "      <td>2</td>\n",
       "      <td>27.502932</td>\n",
       "      <td>22.321074</td>\n",
       "    </tr>\n",
       "    <tr>\n",
       "      <th>2</th>\n",
       "      <td>3</td>\n",
       "      <td>73.647121</td>\n",
       "      <td>67.669949</td>\n",
       "    </tr>\n",
       "    <tr>\n",
       "      <th>3</th>\n",
       "      <td>4</td>\n",
       "      <td>89.217957</td>\n",
       "      <td>8.693883</td>\n",
       "    </tr>\n",
       "    <tr>\n",
       "      <th>4</th>\n",
       "      <td>5</td>\n",
       "      <td>42.192182</td>\n",
       "      <td>2.979722</td>\n",
       "    </tr>\n",
       "  </tbody>\n",
       "</table>\n",
       "</div>"
      ],
      "text/plain": [
       "   id          x          y\n",
       "0   1  63.942680   2.501076\n",
       "1   2  27.502932  22.321074\n",
       "2   3  73.647121  67.669949\n",
       "3   4  89.217957   8.693883\n",
       "4   5  42.192182   2.979722"
      ]
     },
     "execution_count": 9,
     "metadata": {},
     "output_type": "execute_result"
    }
   ],
   "source": [
    "import pandas as pd\n",
    "\n",
    "#Loading the customers dataset with the Id's and coordinates \n",
    "\n",
    "customers = pd.read_csv(\"/Users/mithi/Downloads/customers.csv\")\n",
    "\n",
    "#Defining a coordinate for the depot \n",
    "\n",
    "depot = {\"id\": 0, \"x\": 50, \"y\": 50}\n",
    "\n",
    "customers.head()\n"
   ]
  },
  {
   "cell_type": "code",
   "execution_count": 10,
   "id": "2b6c1882-f5bc-4e63-89d1-36501e065b4d",
   "metadata": {},
   "outputs": [
    {
     "name": "stdout",
     "output_type": "stream",
     "text": [
      "51\n"
     ]
    }
   ],
   "source": [
    "import numpy as np \n",
    "\n",
    "#combining the depot + the customers in one \n",
    "\n",
    "all_points = [depot] + customers.to_dict(\"records\")\n",
    "n_points = len(all_points)\n",
    "print(n_points)"
   ]
  },
  {
   "cell_type": "code",
   "execution_count": 11,
   "id": "fd7486a0-cb0d-4c97-87d5-e05f74dd5f5c",
   "metadata": {},
   "outputs": [
    {
     "data": {
      "text/html": [
       "<div>\n",
       "<style scoped>\n",
       "    .dataframe tbody tr th:only-of-type {\n",
       "        vertical-align: middle;\n",
       "    }\n",
       "\n",
       "    .dataframe tbody tr th {\n",
       "        vertical-align: top;\n",
       "    }\n",
       "\n",
       "    .dataframe thead th {\n",
       "        text-align: right;\n",
       "    }\n",
       "</style>\n",
       "<table border=\"1\" class=\"dataframe\">\n",
       "  <thead>\n",
       "    <tr style=\"text-align: right;\">\n",
       "      <th></th>\n",
       "      <th>0</th>\n",
       "      <th>1</th>\n",
       "      <th>2</th>\n",
       "      <th>3</th>\n",
       "      <th>4</th>\n",
       "      <th>5</th>\n",
       "      <th>6</th>\n",
       "      <th>7</th>\n",
       "      <th>8</th>\n",
       "      <th>9</th>\n",
       "      <th>10</th>\n",
       "      <th>11</th>\n",
       "      <th>12</th>\n",
       "      <th>13</th>\n",
       "      <th>14</th>\n",
       "      <th>15</th>\n",
       "      <th>16</th>\n",
       "      <th>17</th>\n",
       "      <th>18</th>\n",
       "      <th>19</th>\n",
       "    </tr>\n",
       "  </thead>\n",
       "  <tbody>\n",
       "    <tr>\n",
       "      <th>0</th>\n",
       "      <td>0.000000</td>\n",
       "      <td>49.502991</td>\n",
       "      <td>35.668488</td>\n",
       "      <td>29.519713</td>\n",
       "      <td>56.958260</td>\n",
       "      <td>47.664122</td>\n",
       "      <td>28.141299</td>\n",
       "      <td>56.113006</td>\n",
       "      <td>15.647710</td>\n",
       "      <td>29.346517</td>\n",
       "      <td>58.248664</td>\n",
       "      <td>36.439626</td>\n",
       "      <td>37.975554</td>\n",
       "      <td>48.553593</td>\n",
       "      <td>57.314364</td>\n",
       "      <td>36.264504</td>\n",
       "      <td>38.354201</td>\n",
       "      <td>47.450079</td>\n",
       "      <td>13.214433</td>\n",
       "      <td>35.007766</td>\n",
       "    </tr>\n",
       "    <tr>\n",
       "      <th>1</th>\n",
       "      <td>49.502991</td>\n",
       "      <td>0.000000</td>\n",
       "      <td>41.481171</td>\n",
       "      <td>65.887466</td>\n",
       "      <td>26.022884</td>\n",
       "      <td>21.755764</td>\n",
       "      <td>63.858759</td>\n",
       "      <td>63.706433</td>\n",
       "      <td>52.003588</td>\n",
       "      <td>70.280370</td>\n",
       "      <td>17.100859</td>\n",
       "      <td>69.338922</td>\n",
       "      <td>32.638710</td>\n",
       "      <td>44.505345</td>\n",
       "      <td>55.136355</td>\n",
       "      <td>61.498251</td>\n",
       "      <td>72.440011</td>\n",
       "      <td>95.370492</td>\n",
       "      <td>58.806917</td>\n",
       "      <td>62.317294</td>\n",
       "    </tr>\n",
       "    <tr>\n",
       "      <th>2</th>\n",
       "      <td>35.668488</td>\n",
       "      <td>41.481171</td>\n",
       "      <td>0.000000</td>\n",
       "      <td>64.697811</td>\n",
       "      <td>63.201619</td>\n",
       "      <td>24.287074</td>\n",
       "      <td>28.772475</td>\n",
       "      <td>24.968579</td>\n",
       "      <td>49.399092</td>\n",
       "      <td>37.010289</td>\n",
       "      <td>57.667032</td>\n",
       "      <td>71.224657</td>\n",
       "      <td>9.402832</td>\n",
       "      <td>69.154216</td>\n",
       "      <td>22.187404</td>\n",
       "      <td>68.739226</td>\n",
       "      <td>73.463792</td>\n",
       "      <td>79.409215</td>\n",
       "      <td>34.473525</td>\n",
       "      <td>68.088269</td>\n",
       "    </tr>\n",
       "    <tr>\n",
       "      <th>3</th>\n",
       "      <td>29.519713</td>\n",
       "      <td>65.887466</td>\n",
       "      <td>64.697811</td>\n",
       "      <td>0.000000</td>\n",
       "      <td>60.996944</td>\n",
       "      <td>71.932181</td>\n",
       "      <td>54.544486</td>\n",
       "      <td>85.578034</td>\n",
       "      <td>15.766243</td>\n",
       "      <td>52.338537</td>\n",
       "      <td>67.416027</td>\n",
       "      <td>7.258664</td>\n",
       "      <td>65.472217</td>\n",
       "      <td>40.546065</td>\n",
       "      <td>86.646567</td>\n",
       "      <td>13.285807</td>\n",
       "      <td>8.834503</td>\n",
       "      <td>35.771485</td>\n",
       "      <td>37.902323</td>\n",
       "      <td>10.964264</td>\n",
       "    </tr>\n",
       "    <tr>\n",
       "      <th>4</th>\n",
       "      <td>56.958260</td>\n",
       "      <td>26.022884</td>\n",
       "      <td>63.201619</td>\n",
       "      <td>60.996944</td>\n",
       "      <td>0.000000</td>\n",
       "      <td>47.371670</td>\n",
       "      <td>79.292535</td>\n",
       "      <td>87.284603</td>\n",
       "      <td>51.814415</td>\n",
       "      <td>83.878810</td>\n",
       "      <td>11.540373</td>\n",
       "      <td>61.727160</td>\n",
       "      <td>55.616859</td>\n",
       "      <td>25.798708</td>\n",
       "      <td>79.949351</td>\n",
       "      <td>51.871551</td>\n",
       "      <td>64.839533</td>\n",
       "      <td>95.499267</td>\n",
       "      <td>69.292934</td>\n",
       "      <td>53.527466</td>\n",
       "    </tr>\n",
       "    <tr>\n",
       "      <th>5</th>\n",
       "      <td>47.664122</td>\n",
       "      <td>21.755764</td>\n",
       "      <td>24.287074</td>\n",
       "      <td>71.932181</td>\n",
       "      <td>47.371670</td>\n",
       "      <td>0.000000</td>\n",
       "      <td>51.718449</td>\n",
       "      <td>43.000539</td>\n",
       "      <td>56.332989</td>\n",
       "      <td>59.464244</td>\n",
       "      <td>38.820840</td>\n",
       "      <td>77.075191</td>\n",
       "      <td>14.988742</td>\n",
       "      <td>61.697757</td>\n",
       "      <td>33.590921</td>\n",
       "      <td>71.449722</td>\n",
       "      <td>79.893204</td>\n",
       "      <td>95.021882</td>\n",
       "      <td>52.404260</td>\n",
       "      <td>71.598638</td>\n",
       "    </tr>\n",
       "    <tr>\n",
       "      <th>6</th>\n",
       "      <td>28.141299</td>\n",
       "      <td>63.858759</td>\n",
       "      <td>28.772475</td>\n",
       "      <td>54.544486</td>\n",
       "      <td>79.292535</td>\n",
       "      <td>51.718449</td>\n",
       "      <td>0.000000</td>\n",
       "      <td>36.174057</td>\n",
       "      <td>43.305956</td>\n",
       "      <td>8.392976</td>\n",
       "      <td>77.323579</td>\n",
       "      <td>61.801906</td>\n",
       "      <td>37.040880</td>\n",
       "      <td>75.761030</td>\n",
       "      <td>42.759161</td>\n",
       "      <td>63.650386</td>\n",
       "      <td>62.981398</td>\n",
       "      <td>56.538778</td>\n",
       "      <td>16.657245</td>\n",
       "      <td>62.116193</td>\n",
       "    </tr>\n",
       "    <tr>\n",
       "      <th>7</th>\n",
       "      <td>56.113006</td>\n",
       "      <td>63.706433</td>\n",
       "      <td>24.968579</td>\n",
       "      <td>85.578034</td>\n",
       "      <td>87.284603</td>\n",
       "      <td>43.000539</td>\n",
       "      <td>36.174057</td>\n",
       "      <td>0.000000</td>\n",
       "      <td>71.298750</td>\n",
       "      <td>43.592782</td>\n",
       "      <td>80.617494</td>\n",
       "      <td>92.551859</td>\n",
       "      <td>31.669662</td>\n",
       "      <td>94.081711</td>\n",
       "      <td>12.170662</td>\n",
       "      <td>91.537276</td>\n",
       "      <td>94.401956</td>\n",
       "      <td>92.698040</td>\n",
       "      <td>49.865341</td>\n",
       "      <td>90.594217</td>\n",
       "    </tr>\n",
       "    <tr>\n",
       "      <th>8</th>\n",
       "      <td>15.647710</td>\n",
       "      <td>52.003588</td>\n",
       "      <td>49.399092</td>\n",
       "      <td>15.766243</td>\n",
       "      <td>51.814415</td>\n",
       "      <td>56.332989</td>\n",
       "      <td>43.305956</td>\n",
       "      <td>71.298750</td>\n",
       "      <td>0.000000</td>\n",
       "      <td>43.172517</td>\n",
       "      <td>56.158303</td>\n",
       "      <td>21.859842</td>\n",
       "      <td>49.754779</td>\n",
       "      <td>37.129414</td>\n",
       "      <td>71.505885</td>\n",
       "      <td>20.616815</td>\n",
       "      <td>24.263776</td>\n",
       "      <td>44.300224</td>\n",
       "      <td>27.144291</td>\n",
       "      <td>19.401359</td>\n",
       "    </tr>\n",
       "    <tr>\n",
       "      <th>9</th>\n",
       "      <td>29.346517</td>\n",
       "      <td>70.280370</td>\n",
       "      <td>37.010289</td>\n",
       "      <td>52.338537</td>\n",
       "      <td>83.878810</td>\n",
       "      <td>59.464244</td>\n",
       "      <td>8.392976</td>\n",
       "      <td>43.592782</td>\n",
       "      <td>43.172517</td>\n",
       "      <td>0.000000</td>\n",
       "      <td>82.856883</td>\n",
       "      <td>59.541719</td>\n",
       "      <td>45.002763</td>\n",
       "      <td>77.889431</td>\n",
       "      <td>50.883276</td>\n",
       "      <td>62.722046</td>\n",
       "      <td>60.326870</td>\n",
       "      <td>49.705393</td>\n",
       "      <td>16.241718</td>\n",
       "      <td>60.966631</td>\n",
       "    </tr>\n",
       "    <tr>\n",
       "      <th>10</th>\n",
       "      <td>58.248664</td>\n",
       "      <td>17.100859</td>\n",
       "      <td>57.667032</td>\n",
       "      <td>67.416027</td>\n",
       "      <td>11.540373</td>\n",
       "      <td>38.820840</td>\n",
       "      <td>77.323579</td>\n",
       "      <td>80.617494</td>\n",
       "      <td>56.158303</td>\n",
       "      <td>82.856883</td>\n",
       "      <td>0.000000</td>\n",
       "      <td>69.165006</td>\n",
       "      <td>49.226525</td>\n",
       "      <td>36.166688</td>\n",
       "      <td>72.234068</td>\n",
       "      <td>59.843903</td>\n",
       "      <td>72.323669</td>\n",
       "      <td>100.448393</td>\n",
       "      <td>69.518873</td>\n",
       "      <td>61.234685</td>\n",
       "    </tr>\n",
       "    <tr>\n",
       "      <th>11</th>\n",
       "      <td>36.439626</td>\n",
       "      <td>69.338922</td>\n",
       "      <td>71.224657</td>\n",
       "      <td>7.258664</td>\n",
       "      <td>61.727160</td>\n",
       "      <td>77.075191</td>\n",
       "      <td>61.801906</td>\n",
       "      <td>92.551859</td>\n",
       "      <td>21.859842</td>\n",
       "      <td>59.541719</td>\n",
       "      <td>69.165006</td>\n",
       "      <td>0.000000</td>\n",
       "      <td>71.500630</td>\n",
       "      <td>39.196271</td>\n",
       "      <td>93.283618</td>\n",
       "      <td>10.320222</td>\n",
       "      <td>3.161950</td>\n",
       "      <td>38.508622</td>\n",
       "      <td>45.157194</td>\n",
       "      <td>8.303950</td>\n",
       "    </tr>\n",
       "    <tr>\n",
       "      <th>12</th>\n",
       "      <td>37.975554</td>\n",
       "      <td>32.638710</td>\n",
       "      <td>9.402832</td>\n",
       "      <td>65.472217</td>\n",
       "      <td>55.616859</td>\n",
       "      <td>14.988742</td>\n",
       "      <td>37.040880</td>\n",
       "      <td>31.669662</td>\n",
       "      <td>49.754779</td>\n",
       "      <td>45.002763</td>\n",
       "      <td>49.226525</td>\n",
       "      <td>71.500630</td>\n",
       "      <td>0.000000</td>\n",
       "      <td>64.299724</td>\n",
       "      <td>25.438488</td>\n",
       "      <td>67.692044</td>\n",
       "      <td>74.009495</td>\n",
       "      <td>84.079502</td>\n",
       "      <td>39.840480</td>\n",
       "      <td>67.355628</td>\n",
       "    </tr>\n",
       "    <tr>\n",
       "      <th>13</th>\n",
       "      <td>48.553593</td>\n",
       "      <td>44.505345</td>\n",
       "      <td>69.154216</td>\n",
       "      <td>40.546065</td>\n",
       "      <td>25.798708</td>\n",
       "      <td>61.697757</td>\n",
       "      <td>75.761030</td>\n",
       "      <td>94.081711</td>\n",
       "      <td>37.129414</td>\n",
       "      <td>77.889431</td>\n",
       "      <td>36.166688</td>\n",
       "      <td>39.196271</td>\n",
       "      <td>64.299724</td>\n",
       "      <td>0.000000</td>\n",
       "      <td>89.713161</td>\n",
       "      <td>28.878612</td>\n",
       "      <td>42.081152</td>\n",
       "      <td>76.314325</td>\n",
       "      <td>61.748364</td>\n",
       "      <td>30.954291</td>\n",
       "    </tr>\n",
       "    <tr>\n",
       "      <th>14</th>\n",
       "      <td>57.314364</td>\n",
       "      <td>55.136355</td>\n",
       "      <td>22.187404</td>\n",
       "      <td>86.646567</td>\n",
       "      <td>79.949351</td>\n",
       "      <td>33.590921</td>\n",
       "      <td>42.759161</td>\n",
       "      <td>12.170662</td>\n",
       "      <td>71.505885</td>\n",
       "      <td>50.883276</td>\n",
       "      <td>72.234068</td>\n",
       "      <td>93.283618</td>\n",
       "      <td>25.438488</td>\n",
       "      <td>89.713161</td>\n",
       "      <td>0.000000</td>\n",
       "      <td>90.923271</td>\n",
       "      <td>95.448979</td>\n",
       "      <td>98.221810</td>\n",
       "      <td>53.758280</td>\n",
       "      <td>90.274303</td>\n",
       "    </tr>\n",
       "    <tr>\n",
       "      <th>15</th>\n",
       "      <td>36.264504</td>\n",
       "      <td>61.498251</td>\n",
       "      <td>68.739226</td>\n",
       "      <td>13.285807</td>\n",
       "      <td>51.871551</td>\n",
       "      <td>71.449722</td>\n",
       "      <td>63.650386</td>\n",
       "      <td>91.537276</td>\n",
       "      <td>20.616815</td>\n",
       "      <td>62.722046</td>\n",
       "      <td>59.843903</td>\n",
       "      <td>10.320222</td>\n",
       "      <td>67.692044</td>\n",
       "      <td>28.878612</td>\n",
       "      <td>90.923271</td>\n",
       "      <td>0.000000</td>\n",
       "      <td>13.231354</td>\n",
       "      <td>48.304810</td>\n",
       "      <td>47.179959</td>\n",
       "      <td>2.336860</td>\n",
       "    </tr>\n",
       "    <tr>\n",
       "      <th>16</th>\n",
       "      <td>38.354201</td>\n",
       "      <td>72.440011</td>\n",
       "      <td>73.463792</td>\n",
       "      <td>8.834503</td>\n",
       "      <td>64.839533</td>\n",
       "      <td>79.893204</td>\n",
       "      <td>62.981398</td>\n",
       "      <td>94.401956</td>\n",
       "      <td>24.263776</td>\n",
       "      <td>60.326870</td>\n",
       "      <td>72.323669</td>\n",
       "      <td>3.161950</td>\n",
       "      <td>74.009495</td>\n",
       "      <td>42.081152</td>\n",
       "      <td>95.448979</td>\n",
       "      <td>13.231354</td>\n",
       "      <td>0.000000</td>\n",
       "      <td>36.417395</td>\n",
       "      <td>46.396861</td>\n",
       "      <td>11.342114</td>\n",
       "    </tr>\n",
       "    <tr>\n",
       "      <th>17</th>\n",
       "      <td>47.450079</td>\n",
       "      <td>95.370492</td>\n",
       "      <td>79.409215</td>\n",
       "      <td>35.771485</td>\n",
       "      <td>95.499267</td>\n",
       "      <td>95.021882</td>\n",
       "      <td>56.538778</td>\n",
       "      <td>92.698040</td>\n",
       "      <td>44.300224</td>\n",
       "      <td>49.705393</td>\n",
       "      <td>100.448393</td>\n",
       "      <td>38.508622</td>\n",
       "      <td>84.079502</td>\n",
       "      <td>76.314325</td>\n",
       "      <td>98.221810</td>\n",
       "      <td>48.304810</td>\n",
       "      <td>36.417395</td>\n",
       "      <td>0.000000</td>\n",
       "      <td>44.963494</td>\n",
       "      <td>46.009872</td>\n",
       "    </tr>\n",
       "    <tr>\n",
       "      <th>18</th>\n",
       "      <td>13.214433</td>\n",
       "      <td>58.806917</td>\n",
       "      <td>34.473525</td>\n",
       "      <td>37.902323</td>\n",
       "      <td>69.292934</td>\n",
       "      <td>52.404260</td>\n",
       "      <td>16.657245</td>\n",
       "      <td>49.865341</td>\n",
       "      <td>27.144291</td>\n",
       "      <td>16.241718</td>\n",
       "      <td>69.518873</td>\n",
       "      <td>45.157194</td>\n",
       "      <td>39.840480</td>\n",
       "      <td>61.748364</td>\n",
       "      <td>53.758280</td>\n",
       "      <td>47.179959</td>\n",
       "      <td>46.396861</td>\n",
       "      <td>44.963494</td>\n",
       "      <td>0.000000</td>\n",
       "      <td>45.574498</td>\n",
       "    </tr>\n",
       "    <tr>\n",
       "      <th>19</th>\n",
       "      <td>35.007766</td>\n",
       "      <td>62.317294</td>\n",
       "      <td>68.088269</td>\n",
       "      <td>10.964264</td>\n",
       "      <td>53.527466</td>\n",
       "      <td>71.598638</td>\n",
       "      <td>62.116193</td>\n",
       "      <td>90.594217</td>\n",
       "      <td>19.401359</td>\n",
       "      <td>60.966631</td>\n",
       "      <td>61.234685</td>\n",
       "      <td>8.303950</td>\n",
       "      <td>67.355628</td>\n",
       "      <td>30.954291</td>\n",
       "      <td>90.274303</td>\n",
       "      <td>2.336860</td>\n",
       "      <td>11.342114</td>\n",
       "      <td>46.009872</td>\n",
       "      <td>45.574498</td>\n",
       "      <td>0.000000</td>\n",
       "    </tr>\n",
       "  </tbody>\n",
       "</table>\n",
       "</div>"
      ],
      "text/plain": [
       "           0          1          2          3          4          5   \\\n",
       "0    0.000000  49.502991  35.668488  29.519713  56.958260  47.664122   \n",
       "1   49.502991   0.000000  41.481171  65.887466  26.022884  21.755764   \n",
       "2   35.668488  41.481171   0.000000  64.697811  63.201619  24.287074   \n",
       "3   29.519713  65.887466  64.697811   0.000000  60.996944  71.932181   \n",
       "4   56.958260  26.022884  63.201619  60.996944   0.000000  47.371670   \n",
       "5   47.664122  21.755764  24.287074  71.932181  47.371670   0.000000   \n",
       "6   28.141299  63.858759  28.772475  54.544486  79.292535  51.718449   \n",
       "7   56.113006  63.706433  24.968579  85.578034  87.284603  43.000539   \n",
       "8   15.647710  52.003588  49.399092  15.766243  51.814415  56.332989   \n",
       "9   29.346517  70.280370  37.010289  52.338537  83.878810  59.464244   \n",
       "10  58.248664  17.100859  57.667032  67.416027  11.540373  38.820840   \n",
       "11  36.439626  69.338922  71.224657   7.258664  61.727160  77.075191   \n",
       "12  37.975554  32.638710   9.402832  65.472217  55.616859  14.988742   \n",
       "13  48.553593  44.505345  69.154216  40.546065  25.798708  61.697757   \n",
       "14  57.314364  55.136355  22.187404  86.646567  79.949351  33.590921   \n",
       "15  36.264504  61.498251  68.739226  13.285807  51.871551  71.449722   \n",
       "16  38.354201  72.440011  73.463792   8.834503  64.839533  79.893204   \n",
       "17  47.450079  95.370492  79.409215  35.771485  95.499267  95.021882   \n",
       "18  13.214433  58.806917  34.473525  37.902323  69.292934  52.404260   \n",
       "19  35.007766  62.317294  68.088269  10.964264  53.527466  71.598638   \n",
       "\n",
       "           6          7          8          9           10         11  \\\n",
       "0   28.141299  56.113006  15.647710  29.346517   58.248664  36.439626   \n",
       "1   63.858759  63.706433  52.003588  70.280370   17.100859  69.338922   \n",
       "2   28.772475  24.968579  49.399092  37.010289   57.667032  71.224657   \n",
       "3   54.544486  85.578034  15.766243  52.338537   67.416027   7.258664   \n",
       "4   79.292535  87.284603  51.814415  83.878810   11.540373  61.727160   \n",
       "5   51.718449  43.000539  56.332989  59.464244   38.820840  77.075191   \n",
       "6    0.000000  36.174057  43.305956   8.392976   77.323579  61.801906   \n",
       "7   36.174057   0.000000  71.298750  43.592782   80.617494  92.551859   \n",
       "8   43.305956  71.298750   0.000000  43.172517   56.158303  21.859842   \n",
       "9    8.392976  43.592782  43.172517   0.000000   82.856883  59.541719   \n",
       "10  77.323579  80.617494  56.158303  82.856883    0.000000  69.165006   \n",
       "11  61.801906  92.551859  21.859842  59.541719   69.165006   0.000000   \n",
       "12  37.040880  31.669662  49.754779  45.002763   49.226525  71.500630   \n",
       "13  75.761030  94.081711  37.129414  77.889431   36.166688  39.196271   \n",
       "14  42.759161  12.170662  71.505885  50.883276   72.234068  93.283618   \n",
       "15  63.650386  91.537276  20.616815  62.722046   59.843903  10.320222   \n",
       "16  62.981398  94.401956  24.263776  60.326870   72.323669   3.161950   \n",
       "17  56.538778  92.698040  44.300224  49.705393  100.448393  38.508622   \n",
       "18  16.657245  49.865341  27.144291  16.241718   69.518873  45.157194   \n",
       "19  62.116193  90.594217  19.401359  60.966631   61.234685   8.303950   \n",
       "\n",
       "           12         13         14         15         16          17  \\\n",
       "0   37.975554  48.553593  57.314364  36.264504  38.354201   47.450079   \n",
       "1   32.638710  44.505345  55.136355  61.498251  72.440011   95.370492   \n",
       "2    9.402832  69.154216  22.187404  68.739226  73.463792   79.409215   \n",
       "3   65.472217  40.546065  86.646567  13.285807   8.834503   35.771485   \n",
       "4   55.616859  25.798708  79.949351  51.871551  64.839533   95.499267   \n",
       "5   14.988742  61.697757  33.590921  71.449722  79.893204   95.021882   \n",
       "6   37.040880  75.761030  42.759161  63.650386  62.981398   56.538778   \n",
       "7   31.669662  94.081711  12.170662  91.537276  94.401956   92.698040   \n",
       "8   49.754779  37.129414  71.505885  20.616815  24.263776   44.300224   \n",
       "9   45.002763  77.889431  50.883276  62.722046  60.326870   49.705393   \n",
       "10  49.226525  36.166688  72.234068  59.843903  72.323669  100.448393   \n",
       "11  71.500630  39.196271  93.283618  10.320222   3.161950   38.508622   \n",
       "12   0.000000  64.299724  25.438488  67.692044  74.009495   84.079502   \n",
       "13  64.299724   0.000000  89.713161  28.878612  42.081152   76.314325   \n",
       "14  25.438488  89.713161   0.000000  90.923271  95.448979   98.221810   \n",
       "15  67.692044  28.878612  90.923271   0.000000  13.231354   48.304810   \n",
       "16  74.009495  42.081152  95.448979  13.231354   0.000000   36.417395   \n",
       "17  84.079502  76.314325  98.221810  48.304810  36.417395    0.000000   \n",
       "18  39.840480  61.748364  53.758280  47.179959  46.396861   44.963494   \n",
       "19  67.355628  30.954291  90.274303   2.336860  11.342114   46.009872   \n",
       "\n",
       "           18         19  \n",
       "0   13.214433  35.007766  \n",
       "1   58.806917  62.317294  \n",
       "2   34.473525  68.088269  \n",
       "3   37.902323  10.964264  \n",
       "4   69.292934  53.527466  \n",
       "5   52.404260  71.598638  \n",
       "6   16.657245  62.116193  \n",
       "7   49.865341  90.594217  \n",
       "8   27.144291  19.401359  \n",
       "9   16.241718  60.966631  \n",
       "10  69.518873  61.234685  \n",
       "11  45.157194   8.303950  \n",
       "12  39.840480  67.355628  \n",
       "13  61.748364  30.954291  \n",
       "14  53.758280  90.274303  \n",
       "15  47.179959   2.336860  \n",
       "16  46.396861  11.342114  \n",
       "17  44.963494  46.009872  \n",
       "18   0.000000  45.574498  \n",
       "19  45.574498   0.000000  "
      ]
     },
     "execution_count": 11,
     "metadata": {},
     "output_type": "execute_result"
    }
   ],
   "source": [
    "#computing the distance function \n",
    "\n",
    "def euclidean_distance(p1, p2):\n",
    "    return np.sqrt((p1['x'] - p2['x'])**2 + (p1['y'] - p2['y'])**2)\n",
    "\n",
    "# computing the distance matrix \n",
    "\n",
    "dist_matrix = np.zeros((n_points, n_points))\n",
    "for i in range(n_points):\n",
    "    for j in range(n_points):\n",
    "        dx = all_points[i][\"x\"] - all_points[j][\"x\"]\n",
    "        dy = all_points[i][\"y\"] - all_points[j][\"y\"]\n",
    "        dist_matrix[i, j] = np.sqrt(dx**2 + dy**2)\n",
    "\n",
    "# checking the distance of all the 20's rows in the small grpup by 20x20 sub-matrix\n",
    "pd.DataFrame(dist_matrix[:20, :20])"
   ]
  },
  {
   "cell_type": "markdown",
   "id": "d57f29f7-c757-4ed4-b8fe-07e071ba2d74",
   "metadata": {},
   "source": [
    "## # Defining the 1st VRP instance"
   ]
  },
  {
   "cell_type": "code",
   "execution_count": 12,
   "id": "e9703108-b34a-4a76-846a-d8be21867792",
   "metadata": {},
   "outputs": [],
   "source": [
    "# Defining the 1st VRP instance\n",
    "\n",
    "class VRPInstance:\n",
    "    def __init__(self, depot, vehicles, customers):\n",
    "        self.depot = depot  \n",
    "        self.vehicles = vehicles\n",
    "        self.customers = customers\n",
    "\n",
    "# Defining a  small instance: for the first one taking 3 vehicles and frist 10 customers\n",
    "instance = VRPInstance(depot=depot, vehicles=3, customers=all_points[1:10]) \n"
   ]
  },
  {
   "cell_type": "code",
   "execution_count": 13,
   "id": "52d5720d-c825-4a3e-9e97-c278caa3b716",
   "metadata": {},
   "outputs": [
    {
     "data": {
      "text/plain": [
       "472.6634367165005"
      ]
     },
     "execution_count": 13,
     "metadata": {},
     "output_type": "execute_result"
    }
   ],
   "source": [
    "# Computing the distance of a single route using the distance matrix \n",
    "\n",
    "def route_distance(route, dist_matrix):\n",
    "    distance = 0\n",
    "    for i in range(len(route) - 1):\n",
    "        distance += dist_matrix[route[i], route[i+1]]\n",
    "    return distance\n",
    "\n",
    "# computing the total distance for all the vechicle routes \n",
    "\n",
    "def total_distance(routes, dist_matrix):\n",
    "    return sum(route_distance(r, dist_matrix) for r in routes) \n",
    "\n",
    "# Calculating the small instance route for the frist example with the 3 vehicles and 10 customers \n",
    "\n",
    "num_vehicles = instance.vehicles\n",
    "customers = instance.customers\n",
    "routes = [[] for _ in range(num_vehicles)]\n",
    "\n",
    "for i, customer in enumerate(customers):\n",
    "    routes[i % num_vehicles].append(customer['id'])\n",
    "\n",
    "# Making sure that the depot is the frist and the last stop for the vehicles \n",
    "\n",
    "routes = [[0] + route + [0] for route in routes]\n",
    "\n",
    "total_distance(routes, dist_matrix)\n"
   ]
  },
  {
   "cell_type": "markdown",
   "id": "56054e6f-0a3d-401f-9f9e-09e60b83ee77",
   "metadata": {},
   "source": [
    "## # Defining the 2nd VRP instance"
   ]
  },
  {
   "cell_type": "code",
   "execution_count": 14,
   "id": "38f07a1c-ec65-4760-9187-722c5a7491c6",
   "metadata": {},
   "outputs": [],
   "source": [
    "# Defining the secound instance with 8 cars and 18 customers \n",
    "\n",
    "instance2 = VRPInstance(\n",
    "    depot=depot,\n",
    "    vehicles=8,\n",
    "    customers=all_points[1:18]  \n",
    ")"
   ]
  },
  {
   "cell_type": "code",
   "execution_count": 15,
   "id": "321bcdd5-f1d5-49a6-a8df-5b957516a133",
   "metadata": {},
   "outputs": [
    {
     "data": {
      "text/plain": [
       "1140.6024612302483"
      ]
     },
     "execution_count": 15,
     "metadata": {},
     "output_type": "execute_result"
    }
   ],
   "source": [
    "# Creating the small instance routes \n",
    "\n",
    "num_vehicles2 = instance2.vehicles\n",
    "customers2 = instance2.customers\n",
    "routes2 = [[] for _ in range(num_vehicles2)]\n",
    "\n",
    "for i, customer in enumerate(customers2):\n",
    "    routes2[i % num_vehicles2].append(customer['id'])\n",
    "\n",
    "# Making sure that the depot is the frist and the last stop for the vehicles \n",
    "\n",
    "routes2 = [[0] + route + [0] for route in routes2]\n",
    "\n",
    "# Calculating the total distance \n",
    "total_distance(routes2, dist_matrix)\n"
   ]
  },
  {
   "cell_type": "markdown",
   "id": "294552b1-bec4-4429-bcdb-74a57a170b5a",
   "metadata": {},
   "source": [
    "# Analysis of the results \n",
    "\n",
    "The frist one shows total distance of 472.66 which is quite reasonable for the fewer number of vehicles and of the customers, while the second one shows a total distance of 1140.60 which is much higer and even though we have more vehicles this could have been caused due to the higher nr of vehicles, which affects the higher number of routes and even if each vehicle visits few nr of custumers it still has to travel from and to the depot which adds the extra distance. \n",
    "\n",
    "In addition to it having more vehicles does not mean the distance would be recuded cas the customers are not assigned according to their locations, so it dosen't optimizes which behicles visits which customers. \n",
    "\n",
    "\n"
   ]
  },
  {
   "cell_type": "markdown",
   "id": "3cb314e9-e038-4df7-8830-3b179e5b7961",
   "metadata": {},
   "source": [
    "# Defining Genetic Algorithm "
   ]
  },
  
  {
   "cell_type": "code",
   "execution_count": 16,
   "id": "f6f1c312-7e7e-437e-962a-a99570d9d740",
   "metadata": {},
   "outputs": [],
   "source": [
    " # Defining the fitness \n",
    "\n",
    "def fitness(individual, dist_matrix):\n",
    "    total_dist = total_distance(individual, dist_matrix)\n",
    "    return 1 / total_dist if total_dist > 0 else float('inf')\n"
   ]
  },
  {
   "cell_type": "code",
   "execution_count": 17,
   "id": "9ac54b11-ca83-4353-b6b1-3702bfa61ab5",
   "metadata": {},
   "outputs": [],
   "source": [
    "# Generating an initial solution for the Genetic Algortithm \n",
    "\n",
    "def create_initial_solution(num_vehicles, customers):\n",
    "    routes = [[] for _ in range(num_vehicles)]\n",
    "    for i, customer in enumerate(customers):\n",
    "        routes[i % num_vehicles].append(customer['id'])\n",
    "    routes = [[0] + route + [0] for route in routes]\n",
    "    return routes\n"
   ]
  },
  {
   "cell_type": "code",
   "execution_count": 18,
   "id": "36f72642-e9ef-4115-96c7-235b1355b770",
   "metadata": {},
   "outputs": [],
   "source": [
    "# Generating population \n",
    "\n",
    "import random \n",
    "\n",
    "def create_population(pop_size, num_vehicles, customers):\n",
    "    population = []\n",
    "    for _ in range(pop_size):\n",
    "        solution = create_initial_solution(num_vehicles, customers)\n",
    "        for route in solution:\n",
    "            if len(route) > 2:  \n",
    "                middle = route[1:-1]\n",
    "                random.shuffle(middle)\n",
    "                route[1:-1] = middle\n",
    "        population.append(solution)\n",
    "    return population\n"
   ]
  },
  {
   "cell_type": "code",
   "execution_count": 19,
   "id": "cd62e4e4-6b17-4072-ac5f-8b81620ec175",
   "metadata": {},
   "outputs": [],
   "source": [
    "# Selecting parents from the population based on the fitness values. The higher the fitness the higher the chances are to be selected. \n",
    "\n",
    "def select_parents(population, dist_matrix):\n",
    "    fitness_values = [fitness(ind, dist_matrix) for ind in population]\n",
    "    total_fit = sum(fitness_values)\n",
    "    probs = [f / total_fit for f in fitness_values]\n",
    "    \n",
    "    parent1 = population[np.random.choice(len(population), p=probs)]\n",
    "    parent2 = population[np.random.choice(len(population), p=probs)]\n",
    "    \n",
    "    return parent1, parent2"
   ]
  },
  {
   "cell_type": "code",
   "execution_count": 20,
   "id": "267e9db2-3d62-481e-9456-4e60a68c3e8b",
   "metadata": {},
   "outputs": [],
   "source": [
    "# Defining the crossover for each of the vehicles by randomly choosing the route from one of the parents, this will \n",
    "# ensure that each customer is only visited once. \n",
    "\n",
    "def crossover(parent1, parent2):\n",
    "    num_vehicles = len(parent1)\n",
    "    child = [[] for _ in range(num_vehicles)]\n",
    "    \n",
    "    assigned = set()\n",
    "    \n",
    "    for i in range(num_vehicles):\n",
    "        if random.random() < 0.5:\n",
    "            route = parent1[i][1:-1]  # remove depot\n",
    "        else:\n",
    "            route = parent2[i][1:-1]\n",
    "        \n",
    "        # Only add customers not already assigned\n",
    "        route = [c for c in route if c not in assigned]\n",
    "        assigned.update(route)\n",
    "        child[i] = [0] + route + [0]\n",
    "    \n",
    "    # Add any missing customers\n",
    "    missing = [c for c in range(1, len(all_points)) if c not in assigned]\n",
    "    for idx, c in enumerate(missing):\n",
    "        child[idx % num_vehicles].insert(-1, c)\n",
    "    \n",
    "    return child\n"
   ]
  },
  {
   "cell_type": "code",
   "execution_count": 21,
   "id": "2a62f0fa-1984-4e3f-8b37-ae6b9ee364d7",
   "metadata": {},
   "outputs": [],
   "source": [
    "def mutate(individual, mutation_rate=0.2):\n",
    "    for route in individual:\n",
    "        if len(route) > 3 and random.random() < mutation_rate:\n",
    "            i, j = random.sample(range(1, len(route)-1), 2)\n",
    "            route[i], route[j] = route[j], route[i]\n",
    "    return individual\n"
   ]
  },
  {
   "cell_type": "code",
   "execution_count": 22,
   "id": "18915eb9-c80c-4243-be71-b912a07c0f62",
   "metadata": {},
   "outputs": [],
   "source": [
    "# defining the genetic algorithm and tracking the best solution for it \n",
    "\n",
    "def genetic_algorithm(dist_matrix, num_vehicles, customers, pop_size=10, generations=20):\n",
    "    population = create_population(pop_size, num_vehicles, customers)\n",
    "    \n",
    "    best_solution = None\n",
    "    best_fit = -float('inf')\n",
    "    \n",
    "    for gen in range(generations):\n",
    "        new_population = []\n",
    "        for _ in range(pop_size // 2):\n",
    "            parent1, parent2 = select_parents(population, dist_matrix)\n",
    "            child1 = crossover(parent1, parent2)\n",
    "            child2 = crossover(parent2, parent1)\n",
    "            \n",
    "            child1 = mutate(child1)\n",
    "            child2 = mutate(child2)\n",
    "            \n",
    "            new_population.extend([child1, child2])\n",
    "        \n",
    "        population = new_population\n",
    "        \n",
    "        # Track best solution\n",
    "        for ind in population:\n",
    "            f = fitness(ind, dist_matrix)\n",
    "            if f > best_fit:\n",
    "                best_fit = f\n",
    "                best_solution = ind\n",
    "    \n",
    "    return best_solution, 1/best_fit  \n"
   ]
  },
  {
   "cell_type": "code",
   "execution_count": 23,
   "id": "503b3aaf-07c3-4402-99ff-cfcccd2be899",
   "metadata": {},
   "outputs": [
    {
     "name": "stdout",
     "output_type": "stream",
     "text": [
      "Instance 1 - Best Routes: [[0, 1, 7, 4, 10, 13, 16, 49, 22, 25, 28, 31, 34, 37, 40, 43, 46, 19, 0], [0, 2, 8, 5, 11, 14, 17, 20, 32, 26, 29, 23, 35, 38, 41, 44, 47, 50, 0], [0, 27, 36, 9, 12, 15, 18, 42, 24, 6, 30, 33, 3, 39, 21, 45, 48, 0]]\n",
      "Instance 1 - Total Distance: 2521.5392335216493\n",
      "Instance 2 - Best Routes: [[0, 1, 9, 17, 50, 26, 34, 42, 18, 0], [0, 19, 27, 2, 43, 35, 10, 0], [0, 11, 3, 20, 28, 36, 44, 0], [0, 12, 37, 21, 4, 29, 45, 0], [0, 13, 5, 22, 30, 38, 46, 0], [0, 23, 6, 14, 31, 39, 47, 0], [0, 7, 40, 24, 48, 15, 32, 0], [0, 8, 41, 25, 16, 33, 49, 0]]\n",
      "Instance 2 - Total Distance: 2442.8938193794675\n"
     ]
    }
   ],
   "source": [
    "# Running GA for instance 1\n",
    "best_routes1, best_dist1 = genetic_algorithm(dist_matrix, instance.vehicles, instance.customers)\n",
    "print(\"Instance 1 - Best Routes:\", best_routes1)\n",
    "print(\"Instance 1 - Total Distance:\", best_dist1)\n",
    "\n",
    "# Running GA for instance 2\n",
